{
  "description": "happy - Happy and excited",
  "time": [0.0, 0.3, 0.6, 0.9, 1.2],
  "set_target_data": [
    {"head": [[1,0,0,0],[0,1,0,0],[0,0,1,0],[0,0,0,1]], "antennas": [0.0, 0.0], "body_yaw": 0.0},
    {"head": [[1,0,0,0],[0,0.985,-0.174,0],[0,0.174,0.985,0],[0,0,0,1]], "antennas": [0.8, 0.8], "body_yaw": 0.0},
    {"head": [[1,0,0,0],[0,0.985,0.174,0],[0,-0.174,0.985,0],[0,0,0,1]], "antennas": [0.8, 0.8], "body_yaw": 0.0},
    {"head": [[1,0,0,0],[0,0.985,-0.174,0],[0,0.174,0.985,0],[0,0,0,1]], "antennas": [0.8, 0.8], "body_yaw": 0.0},
    {"head": [[1,0,0,0],[0,1,0,0],[0,0,1,0],[0,0,0,1]], "antennas": [0.0, 0.0], "body_yaw": 0.0}
  ]
}
