{
  "description": "nod - Nodding yes",
  "time": [0.0, 0.25, 0.5, 0.75, 1.0, 1.25, 1.5],
  "set_target_data": [
    {"head": [[1,0,0,0],[0,1,0,0],[0,0,1,0],[0,0,0,1]], "antennas": [0.0, 0.0], "body_yaw": 0.0},
    {"head": [[1,0,0,0],[0,0.94,-0.342,0],[0,0.342,0.94,0],[0,0,0,1]], "antennas": [0.2, 0.2], "body_yaw": 0.0},
    {"head": [[1,0,0,0],[0,0.94,0.342,0],[0,-0.342,0.94,0],[0,0,0,1]], "antennas": [0.2, 0.2], "body_yaw": 0.0},
    {"head": [[1,0,0,0],[0,0.94,-0.342,0],[0,0.342,0.94,0],[0,0,0,1]], "antennas": [0.2, 0.2], "body_yaw": 0.0},
    {"head": [[1,0,0,0],[0,0.94,0.342,0],[0,-0.342,0.94,0],[0,0,0,1]], "antennas": [0.2, 0.2], "body_yaw": 0.0},
    {"head": [[1,0,0,0],[0,0.94,-0.342,0],[0,0.342,0.94,0],[0,0,0,1]], "antennas": [0.2, 0.2], "body_yaw": 0.0},
    {"head": [[1,0,0,0],[0,1,0,0],[0,0,1,0],[0,0,0,1]], "antennas": [0.0, 0.0], "body_yaw": 0.0}
  ]
}
