{
  "description": "shake - Head shaking no",
  "time": [0.0, 0.2, 0.4, 0.6, 0.8, 1.0, 1.2, 1.4, 1.6],
  "set_target_data": [
    {"head": [[1,0,0,0],[0,1,0,0],[0,0,1,0],[0,0,0,1]], "antennas": [0.0, 0.0], "body_yaw": 0.0},
    {"head": [[0.866,0,-0.5,0],[0,1,0,0],[0.5,0,0.866,0],[0,0,0,1]], "antennas": [0.3, -0.3], "body_yaw": 0.0},
    {"head": [[0.866,0,0.5,0],[0,1,0,0],[-0.5,0,0.866,0],[0,0,0,1]], "antennas": [-0.3, 0.3], "body_yaw": 0.0},
    {"head": [[0.866,0,-0.5,0],[0,1,0,0],[0.5,0,0.866,0],[0,0,0,1]], "antennas": [0.3, -0.3], "body_yaw": 0.0},
    {"head": [[0.866,0,0.5,0],[0,1,0,0],[-0.5,0,0.866,0],[0,0,0,1]], "antennas": [-0.3, 0.3], "body_yaw": 0.0},
    {"head": [[0.866,0,-0.5,0],[0,1,0,0],[0.5,0,0.866,0],[0,0,0,1]], "antennas": [0.3, -0.3], "body_yaw": 0.0},
    {"head": [[0.866,0,0.5,0],[0,1,0,0],[-0.5,0,0.866,0],[0,0,0,1]], "antennas": [-0.3, 0.3], "body_yaw": 0.0},
    {"head": [[1,0,0,0],[0,1,0,0],[0,0,1,0],[0,0,0,1]], "antennas": [0.0, 0.0], "body_yaw": 0.0},
    {"head": [[1,0,0,0],[0,1,0,0],[0,0,1,0],[0,0,0,1]], "antennas": [0.0, 0.0], "body_yaw": 0.0}
  ]
}
