{
  "description": "wiggle - Happy wiggle with antennas",
  "time": [0.0, 0.2, 0.4, 0.6, 0.8, 1.0, 1.2, 1.4, 1.6],
  "set_target_data": [
    {"head": [[1,0,0,0],[0,1,0,0],[0,0,1,0],[0,0,0,1]], "antennas": [0.0, 0.0], "body_yaw": 0.0},
    {"head": [[1,0,0,0],[0,0.985,-0.174,0],[0,0.174,0.985,0],[0,0,0,1]], "antennas": [0.8, -0.8], "body_yaw": 0.3},
    {"head": [[1,0,0,0],[0,0.985,0.174,0],[0,-0.174,0.985,0],[0,0,0,1]], "antennas": [-0.8, 0.8], "body_yaw": -0.3},
    {"head": [[1,0,0,0],[0,0.985,-0.174,0],[0,0.174,0.985,0],[0,0,0,1]], "antennas": [0.8, -0.8], "body_yaw": 0.3},
    {"head": [[1,0,0,0],[0,0.985,0.174,0],[0,-0.174,0.985,0],[0,0,0,1]], "antennas": [-0.8, 0.8], "body_yaw": -0.3},
    {"head": [[1,0,0,0],[0,0.985,-0.174,0],[0,0.174,0.985,0],[0,0,0,1]], "antennas": [0.8, -0.8], "body_yaw": 0.3},
    {"head": [[1,0,0,0],[0,0.985,0.174,0],[0,-0.174,0.985,0],[0,0,0,1]], "antennas": [-0.8, 0.8], "body_yaw": -0.3},
    {"head": [[1,0,0,0],[0,0.985,-0.174,0],[0,0.174,0.985,0],[0,0,0,1]], "antennas": [0.8, -0.8], "body_yaw": 0.3},
    {"head": [[1,0,0,0],[0,1,0,0],[0,0,1,0],[0,0,0,1]], "antennas": [0.0, 0.0], "body_yaw": 0.0}
  ]
}
